84.84048484145599
100.14940433894671
86.6872580518897
76.50218256032286
86.51772331087712
82.4839051263465
100.48428034293977
99.05392384921588
100.83848117418957
100.79853352034158
85.24946219451486
86.78923334057612
84.64121738688789
90.78743736598278
86.12160472179501
97.69661121534251
99.00842311928035
98.71319028181635
64.0139558598397
66.9683800489447
95.05768786340612
94.80722283440178
64.68911378948374
87.67605928439075
85.88901600698573
84.60720476716413
74.02588577903956
76.08390991779329
98.49478350636143
89.4663846188643
72.56547126850373
74.81073255672477
84.03614515628787
82.09179133399633
90.91678119016142
90.97110355716576
81.7640164754549
82.29551394321521
96.30253163278482
87.06181683386838
86.8625892493488
99.33249694200082
84.14037146369039
93.80391832298334
73.26543997516768
84.83693400942958
95.7713586192997
72.15476098866134
97.93511632944477
84.14315772687043
86.83297042912635
72.2297097027511
47.488049506518685
86.39615184198277
84.15848793643562
73.95435918735568
72.51652808270936
88.78412368541132
86.89169783910816
78.79026999054948
82.45321368721896
72.30487559499481
85.36935099135802
96.72899845106421
79.80265070126309
98.2835669403149
98.46566378456293
72.85418883977857
75.9821575392412
101.14067567063456
85.36621766140023
80.69675162725841
78.2534786119129
78.68702143732406
65.0372360400644
74.56262948713551
85.0240284942657
86.47312362662072
47.54542122043925
60.41074528860493
95.86436907408881
87.51337542121598
84.92631010111543
92.691510268591
95.13745853547364
82.20882607080233
86.53763103627824
84.88713979055474
81.8279059458525
80.90566429852039
74.38802377124708
98.70397324340846
89.10148479703165
86.95715766134738
97.68627111886603
84.83756195109564
70.33320843601729
73.05831217356322
86.25200618445865
80.40536573718349
82.50200750413059
89.39852039461145
77.45728641149181
80.1044768720106
88.95641936750076
90.16434397233172
85.64320041643462
79.08911509458892
97.5280763718283
80.20269881717444
96.71530624310941
97.74081033196137
79.32701862572056
65.7403150491801
81.61792944274421
-41.46425951333926
101.70145384198474
86.49615055349676
86.9592556732804
61.08377963545908
85.08052990656135
86.50055157765048
84.17935951104195
75.37049387081325
87.41606138533797
89.00401434599786
88.19622484014072
85.1640121582015
98.86005037250416
78.32635658366563
90.02346861819396
88.5093722154072
85.07917052031561
85.95376870570186
74.44166646532425
93.00304939748062
79.36965951876897
84.80678649308626
78.4565899957609
82.88415422680693
83.37977547249015
97.69482941828377
84.0696788755102
88.41312560570331
84.2892369717141
97.21786784456427
79.84003119349018
84.04886526694347
81.05056750877249
75.69661404075012
86.08926230690493
96.63899698576296
83.35379584645975
81.84441432472934
82.49755843311954
83.93917185272082
100.33672903603693
83.739245606266
80.93058712025572
85.0023428209551
90.67109546402571
79.5946933740525
78.50414463151765
76.10252839582193
96.82075173766793
99.07790195677073
62.623530830156795
88.76201804579424
80.02215974736322
92.74238887101437
92.17734251076774
74.67828982643604
89.22541248587024
80.7949560290895
84.6069039961786
76.50492210819671
83.41194760950174
68.39465162217529
73.09123813157979
74.69925233690637
86.0994950952018
93.42035744031196
95.76637517470634
92.82877380400545
68.84785565257684
84.73145108901417
67.87564665132204
86.01135730869721
99.8533082718281
91.43677404649029
66.39393704898737
79.72772874791116
97.14712986899393
81.94983971776331
96.30414894043014
97.70513210442535
83.26127807124905
95.30074406174593
47.049381270048826
99.45042837731256
84.18113381880917
80.97523775750197
86.24666516227978
90.53165810420869
87.07793698336528
93.49824592023998
94.61219076714087
81.35323052577546
71.47798282764636
72.40650469946881
63.85185288350288
72.569988059769
91.17243187450663
81.16927304317508
88.21617814307646
74.91931747766502
83.27418848203268
68.01478811395965
85.69498210772605
92.53909283867554
88.75861108912085
90.29161010114488
77.74341257440295
92.75026330388603
88.7357721313841
89.13742538503611
94.83722010094709
85.67248572886271
99.96114836956144
90.6586031796507
82.71520138730126
84.93918175990748
99.03175837074946
78.33562358604271
85.99754743393954
90.89970546278933
85.36997289586917
54.960047488377626
95.64300279964132
82.68897420018152
76.33495944322316
81.22976511528398
93.09244376715388
91.22144402447728
78.98505927643886
85.4985199801132
98.06310824931035
97.09079520818906
97.89692143193358
96.62764955368628
95.6236288424511
94.65818039272469
96.88139994284981
55.43328602312563
84.31015123385909
98.961648821041
83.2073367423089
80.80530148693197
84.26442868555395
99.351089229416
93.17068431449509
89.52298331190056
87.6755179028928
87.60273313822108
88.75760082446496
65.90467133365222
91.57354313349565
99.37042802793894
84.00671033719117
85.36376557271771
90.56616853771617
84.089577159869
99.28715944806127
85.70974140021258
66.35178437639286
82.95809583693652
93.94661409615
92.7716794085387
96.75488949609507
62.84986214741131
76.52398816114538
87.3573559392464
82.59040575023552
67.33815258971016
72.20716345817553
74.36510908163648
84.27194637162957
72.787224668649
64.95175042494095
84.81054369257366
71.49143419158538
88.75084722771166
77.92498185895597
77.56846736809742
76.83721132944521
70.39555129252923
74.09682756234753
86.15293425458283
91.75278979862782
82.22951626504691
86.910569205373
97.88904280661362
84.72097896787041
98.7083979690824
85.82561133091163
76.14886695189375
87.52607260447652
96.0719004627191
43.976104705344014
69.35100422049882
87.41290096701891
84.55094643747424
91.91025904762026
75.05373090738357
83.27957682538049
85.77081393616268
85.75098715890485
85.86151188787403
92.16873403221123
76.80461427554619
99.56833841916261
97.12316533789384
87.69385478209404
94.46266318626441
71.93829221694305
81.64552122979885
84.41123267261757
50.84507982072248
83.62141904661647
81.48402873752225
91.05415071265638
83.23336264037184
85.08608654596969
92.62244168763564
89.64402375925997
62.376791280028584
75.91210531429033
84.32460225405866
85.82191683234191
93.62448258344308
96.75441223373431
82.36027433333793
84.714093462064
82.72845033610761
84.82188797062534
89.47294684310864
71.51633900988567
83.29435307562873
76.27659342324618
91.73302325328441
87.42912433200092
72.35905585948899
28.691033001518036
63.771939290995874
87.02863352369513
98.90256123163374
62.80535164341874
92.79471502940295
76.37193614134422
82.81611922020355
70.09016613975174
61.275586479540046
99.902346416608
86.66994157386516
70.2541407181113
86.5043796635759
97.19712820264391
98.5465200808627
85.0640756001527
85.63099944266119
74.40434095236766
97.32710902456188
77.31078680040223
96.12842585682426
80.77511643185517
100.36407708699083
86.3151783694268
79.84515669802526
31.13789104960675
79.99005645239077
97.14453484120719
97.75496469457725
86.12887371295378
91.17473054719758
80.53436392315817
85.075114544226
87.13014595535938
92.7383576937596
99.99873465491376
46.20173608787826
38.75434450765903
87.13910914060949
82.74335232750495
56.62598854487127
99.23469882786446
83.69254139451297
95.13787918677548
82.3789492292225
93.90129685792252
86.10525093759686
78.76639262119201
99.34861550658
80.37840251863364
82.04629674362094
81.19832511627092
94.23463375538371
81.19965549720625
100.28496852492526
85.13868492806834
97.40656141148838
83.9665481847405
83.15061761720759
71.48078034035046
82.42592755785995
78.87061857430055
83.69179230953198
87.77273029898949
88.59428657376611
92.66543758146113
86.56575956688805
86.3791974317125
81.47896306528487
96.57826873662648
79.55091819569161
70.98676931961711
83.62081102563184
67.31825939208315
73.79838063055169
84.59292703352779
73.90610772071273
86.14629459507995
96.61614611104913
93.16839969230028
92.58974475680486
98.7948662573983
86.83156355768038
81.38205171467607
31.918776826765686
83.76691332980661
96.15880743300924
85.21543713617089
96.80963961837392
53.42781727495937
82.55806972334602
92.03473932144855
64.14669490626476
67.44735506865726
63.37561240610694
73.39763003167435
72.97802215003348
101.02279998247735
97.68545612636362
-33.985054754886875
86.22306822269466
76.49201844270237
95.54308451825935
86.24409429505664
82.45827654863012
84.85546461428217
69.22126704300865
84.88699919779549
81.49215632587011
87.61734290453505
99.85894625824753
26.884513880254545
89.16539537700905
72.42746599500636
75.97525442733873
96.4001101874522
93.3204906334511
97.1312544532334
79.44585128296256
81.56261415301067
100.81400175546683
74.19946478093712
88.35875391873049
83.53534920059599
85.44857197392892
86.8650254993064
40.02214498751006
81.76213586087663
89.31617772744903
94.07078804336325
99.66533912601413
97.06219257929911
95.85654110580424
77.01177696637944
75.41672820123996
101.82507425582399
85.33437651329953
89.66019381957311
77.60187692902733
77.02402286395011
82.36230778015744
97.88640688749408
41.90426699115592
87.73078601755319
92.92241325955553
85.94400775780849
95.5453796354044
95.51790451828333
96.9420780121857
88.52038441204307
82.78028780241253
106.13845947383076
96.97258321667337
83.70530964028504
40.4140708721674
84.65409500739595
83.15407740621784
76.41155393041902
81.59405395459328
28.489187882507096
60.536685387525964
85.39783203924425
86.53992476230385
83.43453979024174
97.67637561886426
88.7124952173223
71.06140256187663
79.05425026571604
86.67285849383637
24.162448070979018
85.68769464431438
89.94733293981528
71.50751895240573
86.9007784054954
85.1359535863947
99.69120518639627
98.3431662993949
90.77623275010322
78.96155925850468
87.30556678367358
63.51676234847764
99.15801971141924
77.25104700583246
88.09387604739618
63.47616801886011
99.57063476696987
82.0563327956773
60.00491307015298
100.91618190575178
81.83874999431504
61.23382878228479
98.31398412717843
84.1857776106246
84.43066576489092
80.66597023837619
84.07227052103352
80.49140233461465
100.47693210835828
99.58512017978772
99.7087025294343
72.11913026719455
64.73349859098072
84.74671934378792
52.17021122878337
43.50156594318651
85.11110482277992
87.03778376393618
89.99002289976032
89.04233680516242
92.24048003483989
88.1501971359346
94.82621012720709
95.16366237309161
95.10578966455935
100.83713146437665
74.48745195521445
97.55330462643384
57.70239440844457
87.88467160627437
82.79516172630298
79.07950305332706
92.90889728992656
87.78295653001892
52.45932905938125
73.9579683842351
94.32409983380933
91.08461316510683
92.44762182156161
95.81953858176635
73.28949829705691
82.8546211004031
82.91932681247688
84.21217542112223
84.06956969777173
85.14732358625963
80.6936367722762
87.40861021892266
92.47223675765575
68.56831414406444
79.40543801568762
98.95223244740725
83.10321816969562
97.47419969822525
84.27918419507006
81.1006783976785
90.43434871143228
63.53411793096667
82.13384450788166
82.34029876450153
89.1750922872871
69.47452103036363
53.765493118341666
83.85720879127122
99.78205364912665
83.05100121755666
85.10440152196777
82.6711778623045
92.83227533843879
88.91460309893338
97.46104367988954
80.66371760953194
81.99390305389026
89.6759241340607
85.28712214202874
86.37956154962555
85.0929819751718
89.15089384104868
92.0559593449137
81.43246209364847
83.4514434912107
92.45745365333936
83.63745528193496
84.56846655984921
99.89516341604653
82.48627475665752
69.39492625751961
86.12694048971326
79.05191139183951
97.3736314377773
76.74155477353965
81.8552130398439
99.4002245908033
96.67393592790896
63.985287122169176
94.78945539913407
62.665458361916905
85.8081100855726
83.32714476474717
98.96138901712742
89.54172762547442
85.28930830966391
80.77315782233455
78.06129497261873
51.48234145784607
79.14117522094583
98.55040781166758
85.33620882692077
90.95078326652228
85.24214150404106
76.58964596206792
79.63360412340114
85.50014738668648
90.85268535411534
83.85880033169332
99.95605003651218
98.4130955685127
87.45839818446838
94.78697149900043
99.13106904395619
99.68127794121565
82.2064802824751
82.08201574936366
88.88393340900373
95.88317051712907
99.59703979109602
74.7865550483642
97.25175921624941
89.31634965416283
90.78320899700765
98.72691848159174
86.73892157695475
84.64394373283824
95.54116269680837
76.6442909774019
86.17864871434546
99.0529520113412
87.48571594950084
73.31013385547813
84.26531953965858
77.11356705655518
85.33125752044545
78.87352653966457
95.1649620512101
71.70079044901904
50.13514248215877
98.21631496577177
90.72859798696265
96.73233036828185
96.96231870794992
97.13245122800305
88.68600167151558
70.21916092505228
77.55176312174069
92.51488840104096
81.36542052646283
68.73246842192789
82.97987968548644
93.77216833467124
65.95084627214102
85.51671603962615
71.81187179867824
76.60417767484297
59.32173842333048
90.51892646290285
83.59236819415806
86.07271004081468
91.57204161936876
96.83110363760215
80.11884279948225
86.13899559347307
85.85463464032819
94.19479170227348
97.90195265985672
85.76081653192225
88.15480105704987
71.02292890585977
97.8928949428562
92.26907191523031
99.01147400017818
82.65744251886781
88.70221731149134
81.03690194189815
100.14846379027055
83.37976669885016
86.46733423873563
91.76353376575511
97.33908221243006
77.2720151842499
87.71313370023628
75.90758808210529
29.481175893945043
98.07409818408348
73.98079610622847
98.83755224992274
97.65920505160766
83.44395400070003
82.54933823115624
101.08131991580669
93.54789143273032
85.31604900065862
81.34922970462608
76.46503366413691
65.82176958897185
99.56855983895495
98.11930156727752
99.42470449313267
82.84114739899614
86.11833492898491
48.8118858721875
95.1416065322457
98.20483615892492
85.73369578833558
90.38595332860282
83.9802631288067
99.7063244435669
97.54646220424561
83.89247024675181
80.68754596583535
61.428060972634
81.98184516536209
80.43972222212732
95.54677070988738
91.89668098346418
97.2423967730583
83.78132317539082
84.76006738089694
75.16595460476034
77.5854941365766
54.66989827823163
99.05078179634936
88.08059872695594
90.37332735374665
88.50608564281849
98.02376361992555
98.97200679411648
96.54885942308519
83.93914311543418
81.6629573916926
91.24444714619095
91.20614215214356
81.37779596510327
83.86959317180478
85.62215129396292
97.48006957552853
76.48325475886422
81.38476515225268
79.02810647165305
92.50524612125773
100.7362692009929
99.47704273070696
81.50177311134374
90.03065045444151
74.8014480429118
74.6014219098128
101.52447220295893
84.31035409972125
86.77487014126275
83.5507129771764
88.76866220485962
76.20320605294866
76.29752893192908
99.69627658873816
86.31359896267145
84.57005100863202
97.03343037945038
80.90283652461679
85.74896042373453
64.15274468431228
96.29157593714605
94.77457462942458
63.367541883675806
83.03246732888249
82.27769759810188
97.89243624619671
87.36874140884638
84.36029320350858
96.79573751465095
94.96838941349732
38.900354548146495
80.04051598644519
92.04347754451544
96.0896443655506
97.49871726898328
97.44151811296618
89.96983332929504
81.39034643538564
80.8928429537404
85.09169768153842
76.49105734319727
85.11050358613001
24.72657620920254
96.195402285438
96.08434418977784
71.70056351865509
88.48807698698138
92.08515588093367
69.03037209465278
100.12577365529862
63.49316112241105
99.62828491550559
100.57271202004736
85.42224800308162
29.302711153104177
81.44685297913358
87.49187132263859
68.58026101480908
80.54323604945397
89.5101838654647
98.96331829455481
81.38566886005401
43.04041042178441
83.17427754877558
84.40697918958962
63.27024920743559
81.14853980167456
95.21220775176852
84.54939661022766
82.14630878893124
81.89016115811707
95.8479649092861
86.60659656336249
92.14831842570047
84.16013595139731
100.40952390148809
82.37228181309607
98.34810269633299
75.7879612631321
77.90180035116893
90.60659038224406
83.3913736246579
100.82597577652027
74.35133386001931
99.40146767941891
71.62063635524262
98.87867933988042
79.32042552771716
83.98099456400965
100.28926891931485
78.40923648165227
92.83215810189803
95.62980259183496
84.3155538391187
81.59182358899342
91.0188030820132
98.91727918451207
98.22580097084244
81.74961185843583
17.33288242225406
83.23118338225633
86.68849566266968
84.68677705686964
87.86096522746504
97.68908504948828
71.592921306813
65.40635292520915
64.64821918142276
101.28491955645211
66.86783093477939
97.93388600277456
75.60246854333846
85.20467314429014
95.45382178168416
82.78636854668223
98.34927475334513
83.90692252287319
98.55386290640419
-48.63863049177321
86.42264283597027
89.03213552365628
86.49809456798957
70.8097185094547
71.78055258753827
90.3449832549426
90.1327112846968
96.58632424926724
99.09990819228318
85.75982964706517
85.36327473917987
84.01336816373556
97.52788838674644
85.93131108592485
60.56575374035807
68.21609844106061
78.75211639260964
53.07888958070259
95.89777418319093
73.5642421349687
97.12105463064292
78.47191357579187
70.98600962042016
84.62912461140535
95.39082068575004
81.51026509819874
69.80429272844054
82.01906082892687
73.8346852392926
98.76194473231777
95.51935947337503
65.3016047863539
97.25996499743813
91.61708443307438
91.79617192153688
52.59306019889003
100.82154355226956
92.63523782144745
94.1820197642152
83.22344078739084
79.8203241641885
79.43410024061268
84.930660316228
85.74545927671244
86.85435860521952
97.85897662356462
98.4751898798097
82.15632419264364
74.28963948406825
85.45807066713556
95.3564734969642
91.63642082028787
64.87217145223998
81.05710884791017
71.17817860255849
80.76181521334593
70.79663191174
76.73673193839929
96.014120656985
95.65900347282896
92.27901200520344
92.43552128262503
62.63305335815264
75.89922491455862
97.07973321136865
73.58994927477391
74.63358090737488
99.40675180712383
60.049038509894544
99.38435860736547
85.20182581972904
82.42169565874913
74.74723597148785
92.22123172679927
85.49345587137978
96.92809549366535
82.23536851006058
86.55444118592474
70.31616523353985
96.71746484445794
86.13366650475682
79.5755667107113
97.0195606273773
83.51500714074041
98.65230550565964
60.68082696077632
95.28552755617525
85.80791890265485
99.29234026172264
97.10358051269557
95.52251934981192
78.78566030987794
90.33824794086325
97.47351254880242
75.2027214711968
94.77030641555879
82.20591802784719
91.11427933767226
85.51286868782809
84.94771053804696
97.38964908071104
85.58588702190197
87.44436968503916
91.22356917134938
77.70725030528774
81.03752374100245
97.94732169258951
95.87401988003947
77.55774277941688
39.25183611828213
97.12159850889505
95.8846423299986
82.11457522613331
92.88315654274324
97.30618347354894
84.83334983966014
84.55690332950464
84.03791030675484
82.02631419839987
92.4232345406098
95.51875549229612
82.27568953714484
77.42009198350758
84.69276658699661
95.541911148459
97.861575160378
97.8308638124498
93.2530164061074
84.5949552351283
74.09790615928247
56.533761509794104
86.54189126982668
86.60649303054326
99.65915861721352
93.52012437053459
72.7624406139536
81.9229515059626
66.20297179333451
68.12260453824466
77.8244376106442
90.84127439936282
70.29965846680066
41.584644013550005
84.53273197431996
77.37746014379601
97.14322495298586
93.90386725165914
79.56560342463341
94.83409292131887
94.85849601524512
86.25560283063014
97.65015304567333
91.68745577435169
83.23227084142877
79.39706401868105
63.850710281205735
99.64606880263264
85.12036147686487
87.86238400208705
83.2612838217398
89.39159183157298
85.99423920051966
64.336188672379
86.45196023230767
99.15318804349495
79.63436945928339
84.94090885609171
100.5943546853
84.64507729629221
64.4482463741472
83.00681302759506
87.1295512199325
85.29279575306693
99.53923560302567
87.59864875402545
84.75457179776065
87.46667718832
96.31873426089396
81.15721097326947
83.13509333705234
98.70784760747827
79.28500499100436
71.54910713037741
100.93862525683417
52.9406701080377
72.17312882422527
90.90040061164507
86.41605318170224
83.85074320375898
83.19799478852134
79.66799337299796
88.04302658706973
95.38740487286219
82.47174419263015
87.566155680525
82.8214410412593
94.26768350695599
100.66070062800962
78.23177504892924
96.25712404304207
77.29484740282705
83.94234075370534
77.86103075152712
79.09853072888184
86.03644985200899
74.91818643823878
90.9627865941643
89.51531258704881
75.75385334129426
96.41806136307676
86.17821586317493
97.85944576228246
77.96184740229788
95.0495310929189
100.57682585376905
73.62962407916127
98.92921527783837
93.93868300222604
83.62424307442592
93.70214943347648
82.46077546434704
100.02714166558262
69.01481355705327
25.96605705467362
96.80986305829276
85.87278751880055
90.78537222501058
85.97135509296628
91.90536132850559
86.98314146527582
84.78641457799272
92.65836693523059
77.65772935095052
84.82500149563546
-5.297441110972656
95.8301787066175
84.63842652995999
85.49784863752403
77.36645614631337
45.371541127124324
97.7099190139263
82.77680699657509
99.7335678808659
79.23262384660724
83.26031223140134
92.62341067381601
96.25198037733938
93.30388352170579
93.78667912963026
96.90433430893168
98.22938910705679
84.09044648355137
97.71546078447417
87.58617867623263
87.23018333801323
75.18987820674539
76.7530276460615
97.88874775533839
71.60440404427098
64.18001803841285
70.49075198276591
85.56480330180351
83.18988398513495
84.25189131169442
98.08711349590669
73.39524578099751
91.70713705240985
97.32854982418407
98.94572297819596
79.97690907361743
94.9412397806105
97.5425993551026
78.10581135320464
81.93407701381909
98.02526884525622
85.65523696810128
96.44168581253746
85.73945013898472
75.35488419546367
9.402219531685702
99.51885695272799
82.81703440986772
94.29041481999839
84.12521335958115
83.47231929632107
87.00960029716902
73.47888263346151
98.45630572766999
-2.054795609064442
99.40568224218
93.4777423936342
93.94483021185602
100.87346456694266
89.72757357072702
74.64513226994362
89.68546329323281
72.41278249760113
85.2038131285697
84.74443083803938
85.81411585985259
82.61734573813092
87.83815168304537
78.26474660255474
98.46708434855077
99.94586954307222
87.82889553757262
89.11951435135957
77.32760092360525
99.2208929322247
84.17380168896561
73.46723552450753
52.24376034269048
96.6474049510972
95.68932583822087
100.11474010284527
79.9308607052647
83.45235949318723
88.83367969486602
79.89816391687896
83.6668326170127
84.56002086092201
100.40895385604006
99.4817218353546
90.7176954823645
87.54725540825784
94.42279609239593
97.68481335108478
76.284606493198
95.09372713523538
78.20174957159831
71.87108939245148
83.65551420549525
83.69722962056454
95.76075161519717
81.48850167543881
96.31851294557924
96.02229832506372
78.57252469008287
96.61657821548592
78.30409674424916
47.24325595434479
77.33919835551018
83.83118425378645
97.52417827269394
73.34202958555755
99.60368335516625
87.21367665682823
87.62414400732854
80.55405165431013
85.43944284780815
92.92618679546919
67.48292930442759
98.14110702851981
90.65600546847021
81.09211676941594
80.52414173784935
86.3772850769019
98.60248193475685
81.75641416664752
51.39253818635545
92.33050388384557
90.94891493338578
83.35371023389396
69.0423704910112
61.63026313713147
78.20379304990756
86.69603063671003
95.68305063982456
100.17106415402334
97.82957798885536
68.81567005811779
89.45717998204171
71.22017696928614
43.957769652606
92.43664323782303
99.38870356657344
86.2325965178604
84.71468764770582
89.71280296246908
81.02578258522321
99.24621548815333
64.52914063695256
97.88581484669044
85.03028242561376
90.24833406686452
97.67270133856202
86.76973481134061
87.94419847499847
80.4885985105358
97.39181636058143
84.24095031543227
80.34314907133103
94.72687938814971
99.75154665425754
83.89092942849003
73.10442952963095
98.65388702334566
98.31461234529597
77.98344172095298
62.08262692628642
100.27786860568135
86.59922135041477
82.27213099852327
73.07685425453364
91.6280231032591
81.72021271470025
54.69717029536892
96.6592440723186
73.19460687940284
100.15228000296466
98.1757161675763
83.75791763392391
88.4716566665237
76.66864784135021
70.91822999540788
83.6028590979058
97.67788572080615
82.6172858025468
96.94459280257726
96.96941701453841
46.37519687070001
92.94800230261521
83.87374032682223
99.10863871561921
80.59920600328633
52.86387800521616
89.25518590667323
84.62994240170825
11.261096014870013
55.356043850011034
14.481258662907607
69.6082785903788
94.51424983489997
29.77994146368699
42.35344421462666
97.71816060506157
80.96251733664003
92.40969551954811
80.15015063269095
75.49676521082046
66.28764329187374
88.57896671244852
96.17259730528312
94.55100867666778
100.33426160936327
80.77541301655951
87.93320468885544
82.91938195885308
93.92323837905973
79.02842077795005
83.55001497873477
98.51151749263238
86.73705323293032
83.96788255576995
95.59744314693027
84.21884023560204
96.19132435940429
97.35862404059739
96.88168767126785
58.754231532539265
85.06178274332538
47.9600186829323
95.96202307472836
66.60600999841945
89.25924742211217
86.36953982509013
97.62317040535814
80.3113914695364
75.11128497452108
77.47457078050914
66.89032455052075
84.67859164211627
68.21237588210775
76.2900719392256
84.6540958858496
89.10480330121109
85.6550283336316
93.75750207905995
92.09581334839136
70.79593177276116
92.15257741760053
86.66142250902976
86.1998602704638
76.21475890114647
95.4560318393375
77.32992392967296
96.6374789275897
76.39713023170684
84.39849530163522
94.32000693117264
90.57805182940486
89.41342074352228
86.01147457024378
95.81542218184538
100.02913922025553
97.69857250267059
89.66722491139681
95.9348699735248
84.8830403687184
84.3507175045039
80.87503114049449
26.386483425422078
100.67589646379334
82.99780343524807
85.1346924015994
32.35880593044147
85.21527360783892
97.9902190720896
85.76250093438759
97.78511876753751
99.41440392928001
64.33967128545717
95.16228123773283
65.35012636343461
96.54261054618165
99.61703185789318
70.8515837780924
94.55134954809722
99.92054143913063
83.61760437486478
78.58195317689763
84.91670805142621
78.5324705176701
91.83649114668323
86.86386325278083
96.32646081844211
79.17347303471975
55.08152670897144
71.57643380359788
67.5354071962091
76.505870202996
64.37876328451934
96.73437279339245
87.37421940471681
82.12282660687968
100.29156199612038
78.50279261394148
83.60059594752369
95.8350866821928
79.55585284239119
81.83776184498886
84.50409083792006
100.37679136207484
85.5942929267453
65.5919023978162
78.2411039731538
41.512217838646265
97.81860801831917
98.12180936862936
80.71008572324857
82.26175388264289
76.58833146658849
74.55099179113274
84.0171156592378
85.35082487178681
97.51975251078422
78.2858441881037
99.52777265851812
54.061518774915854
93.27019846628136
93.14512719835966
81.24368591148259
93.63978806696116
85.64229284291967
98.1870743240314
82.81395256305153
62.54261943356305
81.08019463221353
84.73028341910651
75.06434883721955
81.07316461042322
71.25703435290228
96.533088174533
96.74447032163118
83.27202937404218
85.65254529104755
77.29304577966278
100.39945437523107
99.82968947668185
74.14656853722684
97.58780114400965
87.21517929322661
88.74421817285241
63.647523567320015
79.67523404517485
95.42774059104309
82.52399299326137
68.70789325848199
87.11891447097014
92.72845703898953
82.792564715841
98.89489828498454
84.09349253514098
96.30407385829767
16.80153024182433
83.65992347222867
95.31995755870555
90.04435193925616
77.51059021615464
97.41180515961983
96.51154490318211
83.6213056647575
98.07979648704281
75.25731907819728
83.19739540481696
51.43178602442975
100.78350082306747
83.66069933456244
79.68474165212946
84.44427061315761
86.41394698600332
97.59453387718793
94.4906888155067
85.7237656459858
91.28267987800908
84.40183306955167
94.15966357689004
85.13495956897816
70.4980389042445
100.70971502034536
80.97228701211915
59.23221316526845
70.85301240791397
83.22632053477153
95.69240537929876
61.97599024770432
95.47781193506086
77.45622949584578
99.32534811278312
69.09666271200565
90.7712322986872
90.59983038779748
93.13452925431251
86.20674756228229
99.169590500592
78.35134867251197
75.62006559244993
100.42794327725517
74.4738035395386
84.5179455784918
93.77532576542417
99.32001233323916
72.95928978489421
87.25695910566917
83.36550565792417
87.6307348115721
85.70890964298712
81.92160999647272
88.68705561098977
73.4462521003954
91.8032048443236
97.80134902401326
76.21861251993272
68.66857438716468
78.97499811954654
82.16823633070008
72.94855011578255
81.75238802206243
58.019206625537535
73.65934376316591
81.51953652746002
96.32442029213047
82.37555480859474
98.39733562758181
82.38453037259951
-32.753057772816476
91.86253040789933
23.31344906432826
97.64031010036464
99.82002795206503
99.09648548768443
83.56155180554983
71.3437843968059
84.9864032206154
98.66982503724533
82.54877150449029
85.07323047564743
91.62294118236912
99.45702193527953
84.25134894340238
75.95645541199646
83.68122285756414
64.16552339984486
92.09446171965782
85.33016851590085
100.28029254639823
84.8961789050953
67.23825218535384
99.38741257251928
85.58648938632359
97.97294302511693
25.69442228613913
94.31645222355408
92.54901139221548
98.60612311803368
29.848548547200615
57.149821161584654
97.89083345362093
100.06051626476213
86.73675613194276
83.23682035111003
96.55713668921142
86.39268762787971
86.25743164511005
82.63320650800776
88.22267347922401
82.8983296693526
96.4168861278525
66.26343815764552
82.32909366670577
73.20004645716416
87.7384252572462
85.15833000565856
89.77713820063595
98.43427709598673
61.962754331801825
89.0639915732269
97.89464469740956
96.92161693733331
69.03822852053365
45.14452886077276
83.60424746065819
77.52050375602543
93.73971981877494
92.59638516354576
91.60018356843682
85.15399241107943
96.65262411087798
97.18330809086169
83.73204974195998
85.58518091487045
90.63711814403743
83.76717228836475
80.08029171712857
95.60755263968804
33.905670566616855
93.73258093694625
84.19898091930712
83.97306270288539
90.58803233789058
66.70559367342155
72.67143263696116
84.6819657286608
85.76708891445281
83.5511103539489
97.86953280159935
74.54195506843807
74.5271376143844
72.1476802674772
82.99531704413583
85.3593019104437
93.22532364632764
96.7664939238821
92.20987606152973
85.09644572608667
84.14477515917741
97.52232658132007
74.1167187006467
65.78932846974146
81.85533739731625
60.78544073106164
99.09696026038185
82.21691369560902
97.67696869469688
89.38123300752407
88.79917385279386
96.08091760209716
100.15521212918898
86.51128260489813
99.0132464006412
99.11299554803168
99.23650538921707
91.37345246241664
100.74459356145647
78.99161612713141
97.17597763060687
86.49617069854874
83.59140586245087
95.71733076078984
77.52201924457998
100.2261880125599
99.30676397924532
74.65826965046786
93.09447260133729
81.22581440517554
79.51102737531612
85.00796779885769
84.3687471694876
101.61943175216848
85.64122691966757
22.353739059981386
91.330574028332
82.57745856560368
86.90669015095811
86.42078534073889
56.36398487251547
93.52475488215606
86.56576573249818
61.418666914258296
84.38466464760864
75.21757103173142
90.06369460591714
91.23818610966379
100.13184686639659
82.42745843764303
80.14539845388668
89.26866180011393
100.72984824635967
80.03758165706638
101.22328154252887
87.93001339312558
70.37165820929295
82.84910192402641
77.98636179493704
97.3923447123274
60.51826648242956
68.64465053083075
98.05241831621643
72.09110117806966
88.12752750686144
74.45055308024793
95.39688140247078
79.63653978217619
86.0341373173417
70.13117328737307
100.47019602056918
92.10518862487217
73.09755466671795
64.77151209889809
95.28875168343293
89.98298007962931
72.34331617661155
95.8578274544395
84.80456887105487
67.17456424567557
83.82998958033986
100.4396952426653
78.03670619012885
100.5948693876354
53.929581564888665
86.777177544169
61.03902156032268
91.4640452697995
77.20121253928583
85.07195658305714
80.88782294674724
69.718788965614
77.02100362642017
53.37989148952805
-41.75452837182665
93.8634153265435
85.12320995220142
83.73276597756632
96.8278904277173
95.53852674389287
86.33270301517246
31.746983041363002
81.43888880794246
86.02714263065522
74.54444161190752
33.992373082586845
85.11872932578102
92.82748056449951
84.67596263532529
82.55391021606141
99.11594619130943
83.98668492872378
89.50576840088783
92.91520561593606
56.11296961205288
75.59424433170278
90.87809754221747
84.3000660543953
70.01088339619666
53.50771495420913
92.08714536085556
84.04210384532705
82.62792638956942
90.49348189844508
80.52831070827088
85.94164910463167
94.29889643852621
92.61853517725288
82.55895651578732
84.56728187364587
93.30858671321091
93.71547879581763
83.72352089618326
93.27103218405628
91.68941287523248
95.93971257203931
26.856837872062144
101.10556978084645
101.01002812419912
81.53436599368099
84.89565698446515
90.24684718776888
93.82953666839819
80.41996622839686
79.28085176753797
74.58483012392522
83.1018308130863
76.04721680424416
78.19931743939898
80.22547553703625
82.88570954985671
90.94542348288067
77.8152144598767
85.20577024395521
73.73365616482042
85.78993640245174
92.44014714302855
97.4632273527918
99.69654072518227
86.40114843107125
90.2638028224952
80.66000468447417
82.12775802194341
85.72916443741569
77.49907242994003
84.7803204583481
97.05890093956673
95.5840339843559
81.09448449950486
95.08760622615699
94.18119844797057
86.62542964845959
87.26566316530075
85.64290180070067
79.99716284423505
89.78865343482157
66.24750899834615
83.8457671200014
80.97899254005509
81.12434118870304
36.5409689925328
100.89460895416696
84.61823667034722
93.15456210152
87.4673813396438
84.22063607039833
76.33335452547857
79.28134784529628
80.98458222990703
97.22995566973255
96.98675483277003
82.76680915468185
93.58750410550897
97.64840553897727
71.17151580828077
84.06758847661237
79.5134933638861
94.11247901453935
68.30279969189849
99.93053479776425
97.86936263938414
79.35938615587878
87.5431840140667
100.52246686949422
72.09493716732567
89.89614652364308
72.04901447845802
80.85823032964994
82.180962028494
94.97757239951505
66.82374924818477
-113.58714785955004
87.30363961048498
84.47169166914577
98.1447148822176
83.2166234970109
70.94244541213415
90.10715137434259
80.13862330338094
87.27028925543144
62.26468570515908
84.37595966443104
85.54631710774494
34.435879427586755
84.27697878272625
92.25666903442144
97.65739494572477
84.58013992426403
98.6625237468356
83.4828265924274
65.38477012888377
96.2997186087286
94.01478614740935
74.26999250996185
91.77813776592454
79.08401656647335
82.67731478885005
95.06319036000107
83.2058091550376
99.90595908822164
86.13221686502229
99.88247937267403
88.92112469808322
23.973359843565795
68.09398162900348
61.13786582599075
85.17536346623497
97.80376942552374
77.53834668302834
82.62915645912452
96.22062743558816
75.32792576949885
85.7198023374992
86.74824751320048
96.66160431166038
81.54779581128804
98.48312105632372
94.76493867109411
80.86970114867408
98.16837007620835
81.70226220991256
67.03847551403295
95.44366202534209
94.71429570093542
82.93913346686804
100.87084474467274
73.45621542750033
76.64883194674877
85.461806607216
85.65711173595173
85.2441959088457
60.41713853524519
85.28613178842974
85.91586578715095
87.31366222180716
94.58515211297686
86.78964965010685
99.83476605671714
82.90364896369778
84.4654073706212
84.78526752585859
90.55883796728057
82.92179264313747
73.08609706961978
74.6960670410873
85.99440737272894
83.42862600242094
86.13054248708944
65.97334418511743
89.27507275317447
85.60286434269008
83.7896158129642
72.63294231499005
43.306153140826865
93.46113003785632
87.57966991032995
85.16760915724313
86.53744619104107
85.17080740911231
85.49238320210571
95.61834096962679
97.8266988222152
89.46006472711099
91.64577669299209
84.03087593046878
64.3358388168021
84.4729250982229
93.62058404964469
87.54734381844575
88.41586227351513
99.78475561207335
78.48627836312372
87.75668434930618
82.22896863545483
85.91423730579208
68.6417646684867
100.22570038808898
98.59141225222446
82.06654427001713
70.187559491713
82.38722769348871
97.94609075604595
98.37478758400232
59.714685183405415
86.18666639081536
96.02246999484001
96.12378021337585
81.87339186204986
99.25495572976926
80.83739436499563
99.51391747540146
82.06939434600318
66.96430088639558
68.73931468612
86.56274182804663
83.18021953320078
82.19862710184907
82.83439986058607
88.95524483214575
68.84189526951121
85.71822162399438
84.3544483457976
78.58542550516468
84.45262611112503
67.9335852200885
37.951388355186886
99.46199098871293
84.40327900381746
97.78420465376396
82.55952149240159
74.85287510476283
49.15927001789556
45.90018001932718
81.76764881062071
100.15761941521828
92.48436033527636
87.01600858913008
100.38318856908167
68.88293578389904
85.16260376736432
80.57748948192001
96.9183156624488
95.47712572701633
84.15897014746943
95.46608571845312
87.407942038004
96.72326449994371
88.50761644762518
70.64697282158582
85.17433638887475
15.155333619200213
90.88638688650599
75.34805525640728
87.18177365220578
39.42805074535446
82.32538428936628
91.29963536558753
86.08625877904566
87.36084635068767
97.1022395458441
85.96631107494746
80.66397006359462
78.32325474257055
89.78294279298657
97.58755166423178
84.21886100450543
87.7760739939705
85.15943113422485
86.10470745088178
83.71338241727952
79.43198010144901
67.46249096762166
83.79865135427202
84.47558398547898
25.41994212127829
99.64898606508018
60.87727543880504
93.98927696332022
100.35764697554428
100.21426602627614
87.31960860343682
70.96925205724145
97.50735418869876
97.10718600252487
97.38369165351858
48.40292435151095
85.84120733314607
96.79916439876818
77.1574159795971
83.00180510195332
38.98797907572769
82.76712424006637
99.4828567135122
82.21007419051784
98.10781360582601
90.96960698949616
88.05699768120303
75.28875153966926
87.76993208256764
92.15342980788051
79.35683574782348
44.198229008277025
99.14585977673647
94.10810459367511
83.68537661133126
97.21999587514964
84.899422081626
84.39214503511343
82.97073460755064
96.75948431744516
83.25798542789511
99.59486047039667
97.64741232497853
85.97214500720591
80.29688968485625
45.55394617068305
91.4268183674886
99.00299558233972
94.05950712100991
84.75124375297567
99.47707918497395
82.3865128588685
98.64796456948811
81.4849773855584
97.86648456112317
94.66634022930722
77.18541523374869
91.51879017742031
60.87603973211709
90.72218925474054
66.88527967200177
75.14547460471218
93.07114805614111
99.10650833957287
30.825751778154277
97.66127270089505
91.87080210040482
83.68125795332693
82.4694758316698
78.43594625531092
85.05124971973109
49.68401645103023
75.82246738888705
87.0610930454148
98.82235063721389
80.8006283166239
89.28901603965922
96.92683631630861
73.67914960018089
69.06471580273274
97.87360675661208
91.91711719145977
85.90280363484861
70.3125324790412
79.55195596545234
67.59384468581408
93.99359004551175
85.5423481632367
98.52660326395225
84.43188294348192
67.02833218480527
85.19236630520726
78.62091179909864
80.81275995975182
87.48379246868978
84.45071348928128
100.61628694615305
39.41672496128228
85.69050437914485
83.87938951359422
94.49847698797984
71.02858019452188
89.13544823468624
93.54984442368361
93.67210397843783
89.94650409581922
81.44137588115643
76.65429550083815
79.29686022221178
89.8834396617298
97.78114892363557
92.0141282731966
98.34601201935644
83.8940088088967
99.55775743602796
80.08677515307113
100.08595605341462
84.4880028372561
85.50285226913314
71.633290084125
97.46716453874475
85.39351850198734
65.05675356617552
76.47430378586937
86.85744419466684
79.38749460053903
30.60926096219356
99.35266117143162
93.7250075383034
85.57752095342198
94.95899939437767
63.70047323084965
85.19830876726412
95.2445147532689
80.56605801531427
100.42853969320481
93.85132179304205
77.95166485623699
85.763151396779
85.06891875194202
69.66574941496093
80.78610170707044
91.39970208112788
97.44810792220115
92.92653316965769
83.39572745737085
85.06840967699387
83.81743074578321
86.66650611588993
71.01249307766119
101.00617518013777
85.64087473879937
80.30195827222924
99.77174805671712
98.85918415899827
49.63857910983601
80.90141729225581
99.40776188232807
95.68502552961041
67.38155711391666
77.45888653258386
93.83545872849542
23.259192589685533
85.96958597296857
92.36140978385308
61.06484066072399
83.73865124867548
85.67752448460874
76.18701975177544
99.62118618796397
81.91221435952976
71.373475933869
97.05994591310083
82.26825325831398
97.80971924446138
95.53292882051736
98.67711076821355
97.74205321561689
91.73936943167114
77.88866925058588
88.44619568432552
81.02194437843899
68.82800117115745
76.76579535863694
70.33653597562075
55.0613701696322
88.35775430440671
84.53144463882542
84.8204240560759
89.28514262217064
69.98495011578501
97.79715648347799
99.59067317165176
45.79966063948845
73.11756361194509
93.46154374732394
83.54962157203637
87.19503867885604
59.554340530389865
55.59920713263248
81.27851210702178
90.38084098921935
80.9035718911507
77.11603806182941
97.62573832997022
84.14169498901136
80.51553453452206
93.70020025329978
81.93253990871295
97.30100825929931
64.22140576002988
91.56949837393125
96.88698284535374
53.80150700251995
93.7185303938312
83.64744513490126
68.05081356452274
90.407149878742
94.82352995440074
91.30912274028809
96.51573538014034
84.61100431010847
94.26280956215057
86.08429378369442
86.26260817855385
80.56025459252439
99.24419707456713
99.6295238853179
86.66263353754712
83.50722116674515
91.46158802409984
98.19826435092554
71.15708441120319
91.05423998884005
85.42188279525006
-74.48553897020062
87.17950185647969
76.43897927969122
82.8172677151997
97.32202835155314
85.30674371083512
93.2931701194771
84.75756387251103
83.27585035935971
77.08742185089902
82.0193925312
90.06835061691322
72.08800080959676
97.82165245569612
93.26767945127453
96.88611638790098
69.03862083268194
75.1614489828464
92.14555364500266
79.30183882687408
74.74021830547723
97.66628897135028
82.57807721778488
73.81750798161099
80.2503671080021
84.35061599958183
96.60212099644846
100.6118916102213
87.95171086716758
66.66301416202408
70.77653670724108
80.67157226344561
82.47484673496174
86.89142893532765
87.3860987181638
86.47304185040691
72.04283157098705
77.8575047571482
96.28846694047637
61.5199772351536
85.90370713886357
71.91511093545881
86.21063554618358
86.26840114511631
94.04671799351024
82.36497333511953
31.98759414980914
91.98333319316451
84.98191447262624
75.80514998207374
90.69201983020601
94.12883761204084
66.81052131524214
87.35186146025505
63.53993395245324
73.80871660779884
70.62293026731898
75.84002546466935
62.229794763415285
92.36995101801003
78.33401465753667
66.34115526840586
94.17215400643511
80.66514682873898
93.19439945749801
88.23554447231672
98.35557558085006
98.19825281433371
100.44397958317043
100.64351723136396
88.9002613587509
71.06447350803595
73.33216939529854
97.44531390749687
86.07463950703163
86.24205839650286
100.19267522147376
83.3699075481091
82.72473088078505
82.76479059589882
88.48550586123446
86.21515876590561
78.10989170687225
95.30436408431754
96.14682183829753
82.00384649003996
97.586307055175
84.40074506197521
65.74708042876097
86.18663623715102
99.33253740160717
87.91347771652936
85.84820700488785
78.16164336175422
74.84559508725012
99.32838954601544
97.55120645597475
97.10456223195698
95.0230378408515
84.76337773234658
86.31309600720144
94.68220414217326
95.59853388467084
99.51800340802455
89.9716374445035
94.90257262378998
94.90359351462877
74.40027738514107
84.42958125968177
101.41987308665401
69.3592082312462
64.46441745275504
47.959711162520584
21.484511587600295
59.512283307561724
76.8855786478965
82.09797924732432
72.57788475599475
90.02314570582594
100.98719673767134
87.11159157229093
81.62437812533624
86.16665456119695
83.98459952217301
62.44983803003329
84.68440217825317
77.93950610961998
83.77633321348046
88.72077946673046
88.99680577497512
96.20348497383074
77.87127513275601
84.67541181098008
84.60161317463269
100.86876537604364
81.81153677483417
73.4048357509604
87.19376032069148
94.49688393104518
90.16859481591504
82.58412508102205
79.43505174767135
88.6551135883838
96.79560365360956
82.95528440547265
50.48532534938083
99.05843040347372
83.33979959633531
68.44381229558797
96.43897885382424
92.39869754636003
97.44338384359109
74.02990565138101
99.50195196525755
93.19932708321303
83.87023304225481
98.13524124213043
83.63880706895144
100.17894767314695
86.12127478568806
84.45229873327366
81.38420209435407
81.08890755840565
83.62474525415368
71.61309196368279
66.3501674245303
90.31881322516327
68.71441315936755
70.13783572189726
77.97804796457821
79.45520761662189
93.93971325510779
85.99911684920448
86.53123774785132
87.30484321664096
77.78847283446937
75.00473938564714
73.36094036409719
79.93451560084817
79.22243472986199
98.53339825769362
83.71794894282031
77.88393870074884
44.05714857899416
96.65690603006276
99.69585688271712
38.25357897413579
95.63862310959624
74.49680312341019
63.317153663210334
97.88648906554116
84.09802801896227
85.65196366065703
72.77840449623996
86.46930264635918
95.01542103774348
97.44533045827515
97.77994358853053
89.2657072625693
86.235712432324
81.09581996839937
95.77658890427264
62.73607663467409
90.58548176399063
82.03212837758124
81.1932581293057
74.66272053488348
65.47762387301775
38.63770086073285
74.67890429036257
78.0647099942026
85.24048929716596
88.93125456502419
78.9997501197569
92.37054091132369
87.59726098764358
76.67482259099899
97.38049130163128
71.83635379290234
80.03375035053098
86.43016394193958
98.89659764934497
82.41778879082577
77.80947925526755
68.27577804778237
83.83359454476472
87.01219451649183
81.84260289954037
81.47144326873146
83.58073329933421
90.0239373035738
83.46381045459805
87.36583028625455
88.92767653959532
85.2403851115105
98.48952696398122
94.40665321372167
97.87991247231423
28.189675302408958
98.53276123380944
70.61491720481642
73.58947804141886
93.42320660004634
84.61718616256366
77.89305197111253
82.2800911013795
84.0762644191039
98.64801515598846
71.16272202473057
47.871020096809985
90.25928909800805
90.44419806774235
94.19427374885763
78.94659598116357
100.78043260436823
100.92677059129323
78.95910841527112
79.95997558551129
77.38848015346755
59.707487782310025
84.14211304391283
71.78190301276649
69.91480796591954
71.38176770645426
95.54313699987983
99.75047266427686
86.00207038009837
99.01020897476994
73.28950172676363
94.704568144734
85.26898021827506
84.24268351702483
85.88458074293726
99.14235632434051
97.62130524355055
82.94012219215365
80.75578316804113
73.3629387195279
82.18234532035717
82.96239249879717
85.32892457289127
100.57412588024178
81.2142904117465
80.46589228189794
65.93625369178613
82.06221517854206
97.50839135862404
72.85243131936689
84.67924873833576
84.83909523547814
98.168031957976
88.93698926324663
96.57755347543915
77.23132232609201
91.8195225265219
64.90746862497234
76.22900213843543
74.27327171879047
87.21057017239926
81.32846153840035
82.9931254348738
82.26479433251593
65.12701808624003
97.80136158118435
86.19077763648194
86.32905032236582
92.95660019694182
99.14099788142708
86.46605871357204
85.05376537883973
100.35533793567808
76.48791594519655
94.71955785095997
83.25185581874211
68.55064048416384
84.84890757395719
85.71640552214237
77.54885771798935
76.00073490759719
76.10137383121867
75.03127863907794
96.36015399777233
97.64818633727337
97.61087856749708
97.01441385747675
69.3151212997967
95.77677977954073
92.7359935159696
77.90444533637226
96.53913587192605
97.33941552733144
84.17880028016961
99.0952174072359
97.61436559616794
97.51827128663388
97.36542143812835
81.77106915503236
29.66360822424889
84.32135695344596
92.08669384239676
91.69834135185377
95.24788728211982
72.40874249004699
99.10906190559712
84.86069127459808
61.04154493569822
86.92923177968254
80.50201157430372
71.33665834364342
85.39828326157364
87.90176730472515
86.2818895520129
82.57665458800962
91.63857551919828
88.02958871445907
21.977081818269987
100.96843204791134
96.90640112565339
85.00865282369897
99.46213857692788
96.72917105417433
100.68215511132942
92.8876614282257
86.46764834236073
76.61174807285789
80.5272501768595
89.55262526296379
94.44158152976769
85.26530462119588
100.1828731458988
98.45861864138325
95.23233587698864
86.64781371093812
90.39683670882181
93.94150769881837
68.32981778572488
86.39012052014311
94.39120293983713
51.55874304625052
100.52771754649609
75.68096146532034
-46.06315328728239
73.61950485221337
93.03329324152061
87.63330854748514
96.56758297912117
86.12102279046724
84.1972264646733
82.92137060774212
73.31209640503722
100.47082291588424
101.00224102072399
99.98941445892065
85.15888468214774
85.83531579949728
86.46114935495424
44.358520755522235
92.74811213422342
84.36803434671484
81.41345710141516
83.4370113458844
85.88431741266399
94.51886341575924
94.01948301441345
65.50094940413352
82.46593785922558
74.99183394440429
85.39243253269225
76.94350054839987
81.96610361348907
85.50432725755238
91.28047137343863
85.35503567841562
98.19857236860135
74.06817747773923
78.44616956823278
83.18069322363037
54.00510364609511
84.79115929253169
57.251440710912256
99.11222792690303
88.34272691562214
90.15713073996972
85.33933187331901
90.56048513065488
72.26401219389277
93.88115184319948
79.60130017485717
101.28838605078633
76.2296078043104
99.18624303784239
66.95593158369384
93.37645325586422
92.14344819051914
98.09610512985222
43.58851691626435
97.48167008941469
84.34520880514711
82.8346525124039
73.99953909076207
